1 1 2.1577248726
1 9 0.706277232348
1 10 -0.0607282534581
1 11 0.0529717208816
1 15 -0.0198574634669
1 23 0.000435324376876
1 28 0.129292992301
1 29 0.0357679539219
1 38 -0.0749991625518
2 2 2.08520889408
2 3 -0.867623127244
2 7 -0.597469246615
2 10 0.00891108383525
2 13 -0.0579809428743
2 28 -0.00316049278461
2 32 -0.0274045404338
3 2 -0.867623127244
3 3 2.78615571738
3 10 0.173241205789
4 4 2.50349547976
4 10 0.63752962423
5 5 2.00541574252
5 8 0.0567736675387
5 9 -0.162017240488
5 15 -0.0900315929175
5 18 0.0588782680302
6 6 2.21919011348
6 8 -0.934062069159
6 10 0.0723649761347
6 11 -0.0353325633479
6 12 0.276562810617
6 15 0.0612115048808
6 16 -0.00168528267196
6 17 -0.0171890464729
6 18 -0.128938334554
6 20 0.0469359372048
6 23 -0.162396553423
6 30 -0.000531253042166
7 2 -0.597469246615
7 7 2.38895171811
7 26 -0.0805233427808
8 5 0.0567736675387
8 6 -0.934062069159
8 8 2.26500646146
8 9 0.011548294757
8 10 0.241516582234
8 12 0.402903318754
8 15 0.15813615093
8 16 -0.0848806409409
8 17 -0.0115842818326
8 20 0.100593667362
8 22 -0.0025530068197
8 23 -0.0936962308959
8 24 0.0477845400813
8 27 0.00077044200689
8 29 0.00572312297405
9 1 0.706277232348
9 5 -0.162017240488
9 8 0.011548294757
9 9 2.30897532449
9 24 0.057019335831
9 28 -0.0696997669815
10 1 -0.0607282534581
10 2 0.00891108383525
10 3 0.173241205789
10 4 0.63752962423
10 6 0.0723649761347
10 8 0.241516582234
10 10 2.24869092593
10 23 0.00633885810974
10 28 0.131390539123
10 38 -0.0559176739417
11 1 0.0529717208816
11 6 -0.0353325633479
11 11 1.91742376479
11 14 -0.0164942314809
11 16 -0.266660053725
11 17 -0.501092728889
11 18 -0.00435647318945
11 23 -0.128038836804
11 28 -0.0364800894158
11 29 -0.231684613403
12 6 0.276562810617
12 8 0.402903318754
12 12 2.31951758086
12 15 -0.322175505622
12 18 0.466437982472
12 20 -0.0235663223077
12 22 0.0211459954361
12 27 -0.0403730557362
12 28 0.13802314251
12 29 0.000136437663373
13 2 -0.0579809428743
13 13 2.05365232633
13 15 0.097390057093
13 16 -0.283447046415
13 20 0.585957370948
13 22 -0.010009583186
13 28 -0.185899653516
13 29 -0.0919395088172
14 11 -0.0164942314809
14 14 3.15839981077
14 17 -0.151064083395
14 19 1.54343234869
15 1 -0.0198574634669
15 5 -0.0900315929175
15 6 0.0612115048808
15 8 0.15813615093
15 12 -0.322175505622
15 13 0.097390057093
15 15 1.75708052734
15 16 0.0099703955243
15 18 0.376476418537
15 20 -0.389272166073
15 23 0.0571516595368
15 24 -0.0377650797197
15 25 0.052332693684
15 28 0.0813449829521
15 29 0.224184556479
15 30 0.0187415586385
16 6 -0.00168528267196
16 8 -0.0848806409409
16 11 -0.266660053725
16 13 -0.283447046415
16 15 0.0099703955243
16 16 2.37558229065
16 17 -0.678815487017
16 20 0.25586656751
16 22 -0.273858332483
16 25 -0.075221907376
16 28 -0.00618077026111
16 32 0.0684205891347
17 6 -0.0171890464729
17 8 -0.0115842818326
17 11 -0.501092728889
17 14 -0.151064083395
17 16 -0.678815487017
17 17 2.58170302074
17 20 0.379460658563
17 23 0.0594794696064
17 32 0.0676818502113
17 35 -0.0405860363187
18 5 0.0588782680302
18 6 -0.128938334554
18 11 -0.00435647318945
18 12 0.466437982472
18 15 0.376476418537
18 18 2.07284803318
18 22 -0.000989994879472
18 23 -0.0213892880297
18 28 -0.147967085736
18 30 -0.0176192822647
19 14 1.54343234869
19 19 2.99289011718
20 6 0.0469359372048
20 8 0.100593667362
20 12 -0.0235663223077
20 13 0.585957370948
20 15 -0.389272166073
20 16 0.25586656751
20 17 0.379460658563
20 20 2.25554156209
20 22 0.328039676713
20 24 -0.00231528235343
20 29 0.0331880420786
20 30 0.0584543450793
21 21 2.55145719942
21 26 1.14967437633
21 28 -0.0165002942245
22 8 -0.0025530068197
22 12 0.0211459954361
22 13 -0.010009583186
22 16 -0.273858332483
22 18 -0.000989994879472
22 20 0.328039676713
22 22 2.22030978012
22 23 -0.145305836392
22 24 -0.000254850359055
22 25 -0.738712689026
22 27 0.314915784195
23 1 0.000435324376876
23 6 -0.162396553423
23 8 -0.0936962308959
23 10 0.00633885810974
23 11 -0.128038836804
23 15 0.0571516595368
23 17 0.0594794696064
23 18 -0.0213892880297
23 22 -0.145305836392
23 23 1.84100905123
23 24 0.0654029405513
23 27 0.567049972563
23 28 -0.0572904561578
23 29 -0.298896772774
23 30 -0.231427869602
24 8 0.0477845400813
24 9 0.057019335831
24 15 -0.0377650797197
24 20 -0.00231528235343
24 22 -0.000254850359055
24 23 0.0654029405513
24 24 2.00478672168
24 27 -0.0350887211513
24 28 0.301724685435
24 29 0.286719981082
24 30 0.208567508353
25 15 0.052332693684
25 16 -0.075221907376
25 22 -0.738712689026
25 25 2.35092038383
25 28 -0.0480258179924
26 7 -0.0805233427808
26 21 1.14967437633
26 26 2.78840566403
27 8 0.00077044200689
27 12 -0.0403730557362
27 22 0.314915784195
27 23 0.567049972563
27 24 -0.0350887211513
27 27 1.98938260065
27 28 0.118847682862
27 36 0.032869468871
28 1 0.129292992301
28 2 -0.00316049278461
28 9 -0.0696997669815
28 10 0.131390539123
28 11 -0.0364800894158
28 12 0.13802314251
28 13 -0.185899653516
28 15 0.0813449829521
28 16 -0.00618077026111
28 18 -0.147967085736
28 21 -0.0165002942245
28 23 -0.0572904561578
28 24 0.301724685435
28 25 -0.0480258179924
28 27 0.118847682862
28 28 1.92636615499
28 29 -0.363231219679
28 30 -0.300943691558
28 37 0.0066115386595
29 1 0.0357679539219
29 8 0.00572312297405
29 11 -0.231684613403
29 12 0.000136437663373
29 13 -0.0919395088172
29 15 0.224184556479
29 20 0.0331880420786
29 23 -0.298896772774
29 24 0.286719981082
29 28 -0.363231219679
29 29 1.96747239859
29 30 -0.4700263704
29 34 -0.0957077973958
30 6 -0.000531253042166
30 15 0.0187415586385
30 18 -0.0176192822647
30 20 0.0584543450793
30 23 -0.231427869602
30 24 0.208567508353
30 28 -0.300943691558
30 29 -0.4700263704
30 30 2.20762451376
30 34 -0.0444123437711
31 31 2.24983269344
31 38 -0.238926807956
32 2 -0.0274045404338
32 16 0.0684205891347
32 17 0.0676818502113
32 32 2.13013623513
32 34 0.108709652828
32 35 0.278703193631
32 36 0.393966525041
32 39 -0.305853601368
33 33 2.06735778019
33 39 0.166440353905
33 40 -0.131284099865
34 29 -0.0957077973958
34 30 -0.0444123437711
34 32 0.108709652828
34 34 2.57579480281
34 36 -0.106571302342
34 40 1.40118150767
35 17 -0.0405860363187
35 32 0.278703193631
35 35 2.21333511115
35 39 0.0241867032113
36 27 0.032869468871
36 32 0.393966525041
36 34 -0.106571302342
36 36 2.43405858291
36 37 -0.770721873221
37 28 0.0066115386595
37 36 -0.770721873221
37 37 2.10405352788
38 1 -0.0749991625518
38 10 -0.0559176739417
38 31 -0.238926807956
38 38 2.05981389103
38 39 -0.00907072514649
39 32 -0.305853601368
39 33 0.166440353905
39 35 0.0241867032113
39 38 -0.00907072514649
39 39 1.650064632
40 33 -0.131284099865
40 34 1.40118150767
40 40 3.09491329511
